eye -5 8 10
viewdir 0 -0.1 -1
updir 0.0 1.0 0
imsize 1000 1000
hfov 60
bkgcolor 0.2 0.2 0.25

mtlcolor 0.1 0.1 0.1 1 1 1 0.2 0.2 1 20 1 800

v -4.553532 8.730432 2.136727
v -2.908622 7.595788 2.219512
v -5.004660 8.213493 4.015359
v -3.359750 7.078849 4.098145
v -5.597924 7.166667 1.455634
v -3.953014 6.032023 1.538419
v -6.049052 6.649729 3.334266
v -4.404142 5.515085 3.417052
vn -0.8225 0.5673 -0.0414
vn -0.2256 -0.2585 0.9393
vn -0.5222 -0.7819 -0.3405
vn 0.8225 -0.5673 0.0414
vn 0.5222 0.7819 0.3405
vn 0.2256 0.2585 -0.9393
f 5 3 1
f 3 8 4
f 7 6 8
f 2 8 6
f 1 4 2
f 5 2 6
f 5 7 3
f 3 7 8
f 7 5 6
f 2 4 8
f 1 3 4
f 5 1 2

vt 1 0
vt 1 1
vt 0 0
vt 0 1

mtlcolor 1 1 1 1 1 1 0.3 0.3 1 50 1 0
v -30 20 -20
v -30 -20 -20
v 30 20 -20
v 30 -20 -20

texture io/natureScene_small.ppm
f 10/2 11/3 9/1
f 11/3 10/2 12/4

texture io/earth.ppm
sphere -6 1 -1 3
sphere -6 6 7 1

light 0 -1 -1 0 0.8 0.8 0.8
light 0 0 -1 0 0.8 0.8 0.8
